400750716
400750716 841460049 11.6 24.6
841460049 183927886 3.9 1.3
841460049 605195464 3.3 2.4
183927886 504927486 3.6 1.3
605195464 388660261 6.5 20.4
605195464 365872907 12.9 1.9
605195464 958008001 6.3 14.9
605195464 773165314 9.8 7.4
504927486 519850295 8.0 21.8
504927486 204288766 1.5 0.2
504927486 983760839 11.3 6.5
388660261 912353880 11.0 14.1
388660261 963470896 8.7 2.9
388660261 174261746 6.6 21.4
388660261 585066605 7.4 5.0
365872907 716273253 11.6 3.2
365872907 341650119 11.2 1.1
365872907 991756200 12.1 30.4
365872907 251742769 8.3 13.7
