786046574
786046574 936651609 4.3 21.3
786046574 635712575 11.4 6.5
786046574 859638257 6.0 15.4
786046574 560788861 6.0 23.2
936651609 574424529 12.9 25.6
936651609 729170387 9.6 28.6
936651609 441450695 1.0 14.0
635712575 124736920 6.0 10.0
859638257 685408281 5.0 1.4
859638257 225693028 12.4 18.2
859638257 734637378 9.8 4.6
560788861 757418040 11.7 27.6
560788861 380060944 8.5 11.3
560788861 261303257 6.4 13.6
574424529 655146598 7.4 28.4
574424529 467099235 5.5 16.3
574424529 213323393 6.3 19.5
729170387 460430119 8.7 17.8
729170387 296375794 1.4 1.7
