447826279
447826279 302148553 7.8 14.8
447826279 314286886 8.0 14.5
447826279 759963983 6.1 13.8
447826279 147914120 8.8 27.2
447826279 631045429 5.9 2.8
447826279 640706585 2.8 30.5
447826279 271322375 3.5 22.3
447826279 345655624 8.0 26.4
447826279 400363273 9.4 19.1
302148553 333194036 4.5 18.7
314286886 150657695 11.9 8.4
314286886 343101020 1.2 24.2
314286886 844409054 4.4 14.5
314286886 388849569 5.2 9.9
314286886 473610418 3.7 22.3
314286886 521472980 11.2 23.2
314286886 540128241 7.0 29.2
759963983 232670608 2.8 15.6
147914120 871676984 2.4 7.2
147914120 952186010 11.0 6.4
147914120 154892356 12.7 25.0
147914120 855804276 1.4 27.8
147914120 585342183 11.6 3.1
631045429 884379366 7.9 21.4
631045429 779662339 3.9 16.8
631045429 722308939 6.3 3.7
631045429 144000724 3.5 8.1
631045429 592492137 3.6 20.2
631045429 153173024 4.4 13.2
631045429 194370971 10.8 4.7
640706585 997234246 2.8 17.0
640706585 457165691 1.3 9.4
640706585 888086905 1.9 12.3
640706585 262358864 6.2 3.7
640706585 204839832 9.6 9.6
640706585 630112461 6.8 22.2
271322375 476247543 4.6 17.9
271322375 245417813 10.6 26.6
271322375 494291695 2.7 17.9
271322375 706548323 5.0 25.6
271322375 238076491 10.8 24.4
345655624 212934752 4.6 26.5
345655624 815703466 4.8 8.1
345655624 913068384 11.8 29.5
345655624 112566743 5.7 6.9
400363273 360708346 6.5 16.7
400363273 593226141 5.1 11.0
400363273 893443991 7.5 25.3
400363273 484534802 11.3 9.5
400363273 376778278 7.2 16.2
400363273 750820015 7.8 22.9
400363273 281475567 2.9 29.1
400363273 619379661 3.3 11.9
400363273 347325729 2.1 19.7
333194036 592097168 11.9 26.2
333194036 677057845 11.7 12.2
333194036 243549336 7.3 4.3
333194036 926126230 9.5 19.1
333194036 193553679 7.6 17.8
